0 675 451 248 307 Happy
1 675 452 248 304 Happy
2 675 450 247 310 Happy
3 675 452 247 304 Happy
4 676 452 247 307 Happy
5 680 454 244 310 Happy
6 687 453 244 312 Happy
7 695 452 244 310 Happy
8 703 450 246 310 Happy
9 710 451 244 310 Happy
10 715 452 244 310 Happy
11 717 452 243 307 Happy
12 718 453 242 306 Happy
13 717 453 243 306 Happy
14 716 452 244 310 Happy
15 714 452 243 307 Happy
16 712 451 244 309 Happy
17 708 453 246 310 Happy
18 707 453 244 309 Happy
19 704 452 244 309 Happy
20 703 453 244 310 Happy
21 701 454 244 308 Happy
22 700 454 244 308 Happy
23 697 452 244 310 Happy
24 691 452 244 308 Happy
25 681 447 244 311 Happy
26 668 448 244 310 Happy
27 654 452 243 306 Happy
28 641 451 244 304 Happy
29 630 451 244 308 Happy
30 620 453 246 306 Happy
31 616 453 246 306 Happy
32 621 452 244 307 Happy
33 633 450 247 304 Happy
34 652 447 248 309 Happy
35 675 447 248 308 Happy
36 692 450 247 309 Happy
37 703 451 248 311 Happy
38 704 450 247 315 Happy
39 700 450 246 311 Happy
40 692 449 246 309 Happy
41 680 447 246 311 Happy
42 672 446 247 310 Happy
43 666 445 247 312 Happy
44 663 445 246 312 Happy
45 661 448 246 309 Happy
46 660 447 246 310 Happy
47 661 449 247 307 Happy
48 661 447 247 310 Happy
